p1 =

  1.0e+007 *

    3.6213
    3.4955
    3.6641
    3.6285
    3.7361
    3.6225
    3.5927
    3.6720
    3.6458
    3.5826
    3.6048
    3.6296
    3.5201
    3.5307
    3.5863
    3.6332
    3.6563
    3.6334
    3.6287
    3.5249
    3.5887
    3.5368
    3.6564
    3.5453
    3.5127
    3.6815
    3.6206
    3.5416
    3.4591
    3.6420
    3.4699
    3.6235
    3.5274
    3.4898
    3.5871
    3.5795
    3.6399
    3.4058
    3.5097
    3.3759
    3.5346
    3.5127
    3.5952
    3.3875
    3.6337
    3.5766
    3.6217
    3.5667
    3.6429
    3.5673
    3.6100
    3.5492
    3.5700
    3.6174
    3.5662
    3.3413
    3.6123
    3.6165
    3.4408
    3.5072
    3.5088
    3.6013
    3.4941
    3.4214
    3.6111
    3.6003
    3.4518
    3.4705
    3.5446
    3.4788
    3.3942
    3.5357
    3.4451
    3.5573
    3.6156
    3.4327
    3.4798
    3.4851
    3.5243
    3.4658
    3.4700
    3.5132
    3.4224
    3.4652
    3.4586
    3.3920
    3.4970
    3.3745
    3.5195
    3.5183
    3.4233
    3.4990
    3.3623
    3.4515
    3.3853
    3.4959
    3.4651
    3.3859
    3.4227
    3.3682
    3.5566
    3.3829
    3.4624
    3.3031
    3.4578
    3.5303
    3.3339
    3.5594
    3.3317
    3.6049
    3.2085
    3.5263
    3.4581
    3.5479
    3.5340
    3.5203
    3.4489
    3.5424
    3.5013
    3.5479
    3.5109
    3.4335
    3.6357
    3.4433
    3.5454
    3.4229
    3.5983
    3.3780
    3.4318
    3.4494
    3.5997
    3.6527
    3.5290
    3.4510
    3.4976
    3.4760
    3.5527
    3.5221
    3.4269
    3.5173
    3.5987
    3.5977
    3.6021
    3.6050
    3.5246
    3.4183
    3.5189
    3.4237
    3.5801
    3.5330
    3.4586
    3.5051
    3.5776
    3.5190
    3.6741
    3.5101
    3.5462
    3.4761
    3.5830
    3.5322
    3.6000
    3.5938
    3.4127
    3.5699
    3.5458
    3.5572
    3.4759
    3.5396
    3.4798
    3.6155
    3.5586
    3.5084
    3.7193
    3.4863
    3.5026
    3.5016
    3.5343
    3.5790
    3.6567
    3.5524
    3.6911
    3.6104
    3.5380
    3.6726
    3.6740
    3.5580
    3.6987
    3.7055
    3.6192
    3.7136
    3.6356
    3.5677
    3.7631
    3.6991
    3.6443
    3.5542
    3.7181
    3.7579
    3.6887
    3.6930
    3.7025
    3.6633
    3.4791
    3.7166
    3.8374
    3.6307
    3.7978
    3.6307
    3.8037
    3.7794
    3.6815
    3.6328
    3.7020
    3.6358
    3.7227
    3.6152
    3.7665
    3.6757
    3.6908
    3.7233
    3.7093
    3.7436
    3.7346
    3.6769
    3.8214
    3.8150
    3.6453
    3.7920
    3.6180
    3.6711
    3.7588
    3.6835
    3.6359
    3.7737
    3.6805
    3.6967
    3.8309
    3.8020
    3.5508
    3.6934
    3.7088
    3.7627
    3.7876
    3.6417
    3.7409
    3.6700
    3.8041
    3.6397
    3.7223
    3.7264
    3.7601
    3.7478
    3.7892
    3.6927
    3.7688
    3.7333
    3.7276
    3.6491
    3.7630
    3.6846
    3.6176
    3.8191
    3.6984
    3.7449
    3.5678
    3.7126
    3.7313
    3.5789
    3.8040
    3.5573
    3.7449
    3.5838
    3.8043
    3.7021
    3.6737
    3.8399
    3.6397
    3.7603
    3.7805
    3.6223
    3.7927
    3.5957
    3.7576
    3.6851
    3.7343
    3.7284
    3.5886
    3.6641
    3.6966
    3.6817
    3.5517
    3.6013
    3.7496
    3.8266
    3.5489
    3.5976
    3.5996
    3.6799
    3.6401
    3.7025
    3.5823
    3.5622
    3.7972
    3.5731
    3.6295
    3.6449
    3.6700
    3.6684
    3.6735
    3.5914
    3.6997
    3.5996
    3.6824
    3.5982
    3.5750
    3.6817
    3.6934
    3.8439
    3.6034
    3.7897
    3.7221
    3.6522
    3.7240
    3.7623
    3.5776
    3.7583
    3.6603
    3.6694
    3.6878
    3.8618
    3.5998
    3.8239
    3.5788
    3.7822
    3.6424
    3.7483
    3.8433
    3.8148
    3.6822
    3.6797
    3.7446
    3.6402
    3.7941
    3.6582
    3.7646
    3.7109
    3.8068
    3.6544
    3.6815
    3.6371
    3.7709
    3.5767
    3.8161
    3.7385
    3.6898
    3.6685
    3.7402
    3.7024
    3.6052
    3.5569
    3.5199
    3.6365
    3.5652
    3.8111
    3.6524
    3.6547
    3.7539
    3.6763
    3.6785
    3.5572
    3.8085
    3.5839
    3.5964
    3.7349
    3.5869
    3.6480
    3.6781
    3.7778
    3.6948
    3.6285
    3.7027
    3.6811
    3.5373
    3.7137
    3.7595
    3.5923
    3.5108
    3.5542
    3.7105
    3.4249
    3.5846
    3.6057
    3.5988
    3.6823
    3.6187
    3.5565
    3.4361
    3.6714
    3.6047
    3.6241
    3.6550
    3.6587
    3.6692
    3.6384
    3.6843
    3.5896
    3.7061
    3.6427
    3.5962
    3.6335
    3.6342
    3.5052
    3.7471
    3.7185
    3.7015
    3.6054
    3.5841
    3.6672
    3.6449
    3.6557
    3.5488
    3.8151
    3.5463
    3.7127
    3.6710
    3.7205
    3.6142
    3.7779
    3.6712
    3.5977
    3.6911
    3.6004
    3.7903
    3.7242
    3.5213
    3.6623
    3.6254
    3.7295
    3.4297
    3.6816
    3.6547
    3.8241
    3.6912
    3.6647
    3.7163
    3.5857
    3.6312
    3.7000
    3.6651
    3.5799
    3.7133
    3.6734
    3.7144
    3.5720
    3.6997
    3.6136
    3.6340
    3.5607
    3.6293
    3.6831
    3.5788
    3.5420
    3.5268
    3.5344
    3.4605
    3.5126
    3.6792
    3.6297
    3.7747
    3.4242
    3.8067
    3.5923
    3.6267
    3.6521
    3.7035
    3.6413
    3.5424
    3.5331
    3.5665
    3.6740
    3.5758
    3.6845
    3.5967
    3.6811
    3.5935
    3.6258
    3.6239
    3.4432
    3.5303
    3.6967
    3.8044
    3.5646
    3.5838
    3.6139
    3.6118
    3.5493
    3.6538
    3.6633
    3.7058
    3.6968
    3.5832
    3.6625
    3.7550
    3.5897
    3.6371
    3.5738
    3.5224
    3.8663
    3.6506
    3.6550
    3.6651
    3.6579
    3.6684
    3.6722
    3.6719
    3.5800
    3.6941
    3.6879
    3.8293
    3.6543
    3.6843
    3.6739
    3.6071
    3.7429
    3.5506
    3.5296
    3.5632
    3.7273
    3.7989
    3.6920
    3.7961
    3.6152
    3.6705
    3.7923
    3.6921
    3.8073
    3.7393
    3.7003
    3.6285
    3.7453
    3.6250
    3.7957
    3.6481
    3.7829
    3.7117
    3.7655
    3.5939
    3.8228
    3.6335
    3.6487
    3.7893
    3.6858
    3.7934
    3.6873
    3.8051
    3.6886
    3.8268
    3.6819
    3.7354
    3.8121
    3.6621
    3.7085
    3.4910
    3.7660
    3.6747
    3.8378
    3.6190
    3.7075
    3.7026
    3.6603
    3.6376
    3.5584
    3.7247
    3.5996
    3.7701
    3.7424
    3.7268
    3.8926
    3.5623
    3.8259
    3.5671
    3.7173
    3.7122
    3.6287
    3.7453
    3.6720
    3.6377
    3.5500
    3.8129
    3.6232
    3.7368
    3.6722
    3.6113
    3.6308
    3.5161
    3.6796
    3.5342
    3.6828
    3.5865
    3.6680
    3.5373
    3.6705
    3.7248
    3.5832
    3.6180
    3.5700
    3.7280
    3.6795
    3.4895
    3.5192
    3.6309
    3.5528
    3.5989
    3.6345
    3.6870
    3.6620
    3.5224
    3.4543
    3.5378
    3.5468
    3.6462
    3.5572
    3.5493
    3.4750
    3.6142
    3.4500
    3.5817
    3.5148
    3.5972
    3.5863
    3.4849
    3.5256
    3.4789
    3.3685
    3.3984
    3.4425
    3.5089
    3.4380
    3.4421
    3.3940
    3.4472
    3.5699
    3.4973
    3.4818
    3.5275
    3.4528